12467	40.005	-121.2626
12455	34.7416	-120.093
12461	34.6306	-120.3444
12460	36.4637	-121.7331
12462	34.4414	-119.2372
12457	35.2901	-120.6586
12446	37.6819	-121.768
12443	38.3105	-122.5488
12456	41.9407	-120.3475
12449	38.4404	-122.714
12450	38.2975	-122.2869
12466	33.9197	-116.7866
12489	40.027	-120.1053
12491	38.4973	-122.485
12484	34.4153	-118.794
12470	35.5497	-120.706
12475	39.3909	-123.75
12493	34.345	-118.535
12479	34.6288	-118.3367
12480	35.4894	-120.6707
12494	38.5117	-122.967
12472	34.1816	-118.3078
12496	35.8633	-120.8007
12503	40.2588	-122.2283
12521	37.6017	-121.7195
12524	38.3398	-122.7011
12581	37.1683	-122.3589
12544	34.9398	-120.2284
12566	38.4655	-123.0089
12585	33.5613	-117.4639
12563	41.0587	-121.3162
12626	37.6552	-118.9921
12549	34.34	-117.482
12586	34.0093	-116.9068
12588	32.8351	-116.7664
12555	34.3081	-117.2849
12565	38.362	-122.7691
1028-Willmers	36.525929	-121.867237
12597	38.914329	-122.6206
12628	40.7435	-123.8677
12547	38.7908	-120.4781
12556	35.3922	-120.4875
12587	33.7325	-116.7122
101F-Willmers	37.07507203	-122.160496
1027-Willmers	36.528945	-121.919211
12580	38.9399	-120.9182
12606	38.685762	-121.082179
12552	34.3791	-118.4143
12548	34.6915	-120.4014
12613	39.4407	-123.7412
12550	34.3598	-117.6276
12612	36.9145	-121.7871
12616	39.4096	-123.3556
12627	39.1041	-122.2654
12604	37.592565	-118.132279
12614	37.0169	-121.6077
100F-Willmers	37.07507203	-122.160496
102F-Willmers	37.54381112	-122.4309521
1044-Willmers		
1036-Willmers	36.570306	-121.912477
103M-Willmers	37.10177	-122.2033818
105M-Willmers	37.07566476	-122.0627291
104F-Willmers	37.10177	-122.2033818
108F-Willmers	37.28596198	-122.0463867
106M-Willmers	37.07566476	-122.0627291
107M-Willmers	37.0945606	-122.1305067
109F-Willmers	37.01702982	-122.0825034
10F-Willmers	37.075941	-122.17249
113M	36.97675772	-121.9470874
115F	37.34492606	-122.1388275
124M	37.31562253	-122.1639449
120M	37.00847974	-122.0177188
11F-Willmers	37.17127899	-121.8967148
125F	37.34519361	-122.1371987
119M	37.00847974	-122.0177188
122M	37.05465621	-122.0033918
123F	37.07856077	-122.1850956
116M	37.16718872	-121.9741859
118M	37.31570516	-122.1641584
10M	41.40532	-122.00846
117M	37.25344025	-121.9545249
114F	37.17136125	-121.8968375
121F	37.30780611	-122.179175
27M-Willmers	37.14810823	-121.883618
22M-Willmers	37.22843464	-122.1719538
26M-Willmers	37.19507951	-121.9088639
15F-Willmers	37.13877141	-122.0677193
37M-Willmers	37.23039711	-122.1728792
17M-Willmers	37.07738511	-122.1780094
29F	37.075941	-122.17249
3M-Willmers	37.09748989	-122.2065616
21M-Willmers	36.97622104	-121.7922671
126M	37.07889202	-122.1847658
25F-Willmers	36.961015	-122.090556
19F-Willmers	37.21230816	-122.036022
15-150	34.555767	-119.769412
4M-Willmers	37.15568103	-122.2088016
16M-Willmers	37.07012827	-121.9254039
34M-Willmers	37.02148139	-121.8102792
52F-Willmers	37.12523704	-122.1998939
46M-Willmers	37.12678153	-122.1950257
53F-Willmers	37.16521363	-121.9282376
49M-Willmers	37.2151022	-122.007619
58M-Willmers	36.9861422	-122.1174718
50M-Willmers	37.2151022	-122.007619
33M-Willmers	37.2008163	-122.005575
30F-Willmers	37.07374981	-122.1647292
41M-Willmers	37.12678	-122.195
35M-Willmers	37.10829813	-122.0152606
23F-Willmers	37.00989	-121.93803
2F-Willmers	37.12300666	-122.2049438
59M-Willmers	36.9861422	-122.1174718
39M-Willmers	36.97707	-122.0179
20F-Willmers	37.07848504	-122.110575
36M	36.9914	-122.0609
51M-Willmers	37.1011695	-122.1671516
43F-Willmers	37.23879977	-122.2114573
55F-Willmers	37.23342862	-122.1995298
38F-Willmers	37.1031911	-122.1675008
57M-Willmers	36.9861422	-122.1174718
42M-Willmers	37.07723	-122.1861
56M-Willmers	37.57452758	-122.4232329
24F-Willmers	37.13000859	-121.7767573
31M-Willmers	37.21308183	-122.1872462
32M-Willmers	37.06268996	-122.1987629
54M-Willmers	37.0993668	-121.9687769
6M-Willmers	37.17046847	-121.8838296
69F-Willmers	37.13942862	-122.0660638
70M-Willmers	37.01488412	-122.1553021
79M-Willmers	37.11593638	-122.0854646
80F-Willmers	37.07840778	-122.185131
82M-Willmers	37.19985045	-121.9664537
89M-Willmers	37.10081521	-122.2075219
94F-Willmers	37.18785666	-121.9575929
9M-Willmers	37.13186721	-122.1678735
77M-Willmers	37.02761101	-122.0313009
63M-Willmers	37.02773767	-122.0858936
88F-Willmers	37.08777402	-122.2051486
F007	32.962	-116.445
F038	33.101	-116.496
93M-Willmers	37.48204081	-122.3294671
99M-Willmers	37.07507203	-122.160496
F008	32.992	-116.577
F015	32.924	-116.553
F018	33.132	-116.551
61M-Willmers	37.22471278	-122.1837623
66M-Willmers	37.17165254	-121.9416182
71M-Willmers	37.06913765	-122.1117978
83M-Willmers	37.07630814	-122.1865372
65F-Willmers	37.02773767	-122.0858936
7F-Willmers	37.19777446	-121.9507522
81F-Willmers	37.07575077	-122.1802095
84M-Willmers	36.96348421	-121.9901133
F041	32.78253	-116.4489
96F-Willmers	36.99179069	-122.1109788
F028	33.513	-117.27
68M-Willmers	37.20502367	-121.916947
95F-Willmers	37.09096508	-122.0677616
64M-Willmers	37.02773767	-122.0858936
72M-Willmers	37.06913765	-122.1117978
90M-Willmers	37.10081521	-122.2075219
5M-Willmers	37.20453443	-121.9152067
87F-Willmers	37.08777402	-122.2051486
86M-Willmers	37.08777402	-122.2051486
67M-Willmers	37.09057509	-121.8818972
78F-Willmers	36.98894795	-122.0856276
98F-Willmers	37.01808065	-122.1535468
60F-Willmers	37.22471278	-122.1837623
73F-Willmers	37.06913765	-122.1117978
F019	33.123	-116.624
97M-Willmers	36.99179069	-122.1109788
62M-Willmers	37.01572141	-122.155158
F029	33.361	-116.803
F048	33.347	-116.582
F049	33.342	-116.648
F044	33.396	-117.32
F050	33.616	-117.525
F085	33.641	-117.553
F052	33.583	-117.524
F065	33.663	-117.622
F088	33.301	-116.344
F051	33.616	-117.525
F055	33.582	-117.568
F089	33.851	-117.704
F062	33.57	-117.555
F074	33.324	-117.319
F095	33.544	-117.265
F094	32.67	-116.196
F101	33.575	-117.54
F149	33.176	-116.787
F126	33.809	-117.725
F137	33.351	-116.971
F123	33.429	-117.194
F182	41.521462	-121.196216
F105	32.984	-116.887
F092	33.851	-117.704
F102	33.694	-117.629
F121	33.776	-117.686
F127	33.809	-117.725
HBC-19-001	34.84	-120.452
HBC-20-002	34.37	-117.42
M026	33.513	-117.27
M053	33.102	-116.452
M016	32.915	-116.478
M033	32.82	-116.418
L166	36.648452	-118.13135
M002	32.822	-116.597
M006	33.224	-116.426
M040	32.858	-116.482
M017	32.794	-116.412
HBC-20-005	34.61012	-120.054255
M027	33.513	-117.27
L15-003	35.272341	-120.887168
M064	33.569	-117.566
M087	33.774	-117.686
M056	33.582	-117.568
M069	33.312	-116.858
M058	33.569	-117.566
M060	33.709	-117.676
M063	33.513	-117.266
M086	33.791	-117.719
M067	33.146	-116.384
M068	32.599	-116.425
M093	33.851	-117.704
M057	33.53	-117.269
M079	33.871	-117.702
M091	33.851	-117.704
M071	32.725	-116.893
M096	33.586	-117.521
M098	33.38	-116.791
M106	33.809	-117.725
M100	33.56	-117.548
P-F	34.366	-119.027
M108	33.38	-117.105
M5	33.18995	-116.4187
M109	33.124	-116.799
M147	32.823	-116.646
N14-520	38.300471	-120.706322
P-I	34.336	-119.126
P-A	34.047	-118.692
M124	33.69	-117.658
M172	32.855	-116.555
M150	33.058	-116.574
P-C	34.268	-118.647
P-E	34.092	-118.476
M119	33.836	-117.729
M128	33.229	-116.796
M107	32.937	-116.936
M194	33.655379	-117.610617
M120	32.695	-116.694
M263	33.314331	-117.330047
M131	32.75358	-116.4825
M169	41.550118	-120.6071
P-B	34.07	-118.716
M140	33.522	-117.154
P-G	34.328	-119.292
M125	32.962	-116.94
M118	33.809	-117.725
M186	33.436	-117.141
M122	33.429	-117.194
M135	33.082	-116.661
P-H	34.137	-118.719
ML-152-Willmers	37.575897	-121.880146
P003	34.211	-118.733
P009	34.099	-118.563
P-P	34.200717	-118.960783
P011	34.089	-118.911
P014	34.086	-118.645
P-K	34.423611	-118.648611
P-N	34.056	-118.932
P005	34.105	-119.025
P-J	34.058	-118.798
P-Q	34.148	-118.662
P-O	34.296462	-118.879635
P017	34.099	-118.778
P016	34.462	-118.729
P021	34.348	-118.625
P025	34.108	-118.909
P019	34.155	-118.941
P027	34.108	-118.549
P024	34.093	-118.913
P035	34.348	-118.625
P043	34.064	-118.658
P028	34.123	-118.899
P039	34.326	-118.634
P045	34.097	-118.819
P033	34.074	-118.906
P040	34.326	-118.634
P042	34.103	-118.772
P038	34.336	-118.55
P046	34.133	-118.914
P044	34.337	-118.633
P048	34.348	-118.668
P050	34.28	-118.64
P053	34.049	-118.626
P054	34.056	-118.675
P055	34.139	-118.928
P057	34.083	-118.561
P056	34.139	-118.928
P065	34.056	-118.705
P066	34.233	-118.692
P061	34.121	-118.481
P063	34.222	-118.706
P064	34.222	-118.706
P062	34.222	-118.706
P059	34.054	-118.7
P097	34.075548	-118.692854
P075	34.048	-118.622
P074	34.126	-118.742
P091	34.229	-118.744
P078	34.056	-118.705
P081	34.139	-118.928
P070	34.094	-118.999
P095	34.133	-118.729
P077	34.207	-118.822
P088	34.078	-118.711
P080	34.037	-118.745
P096	34.14	-118.729
P085	34.126	-118.949
P076	34.246	-118.562
P1-New	33.831	-117.673
P093	34.062	-118.755
P1-GP	34.0889179	-118.9119953
P079	34.32	-118.663
P13	34.0684268	-118.9076339
P12	34.2074483	-118.7536403
P10	38.366459	-122.509041
P15	34.1226944	-119.0267925
P23	34.09526	-118.9141107
P18	34.0722162	-118.7069065
P103	34.206053	-118.929513
P22	34.1385362	-118.30072
P2-New	33.825	-117.737
P2-GP	34.1035653	-118.8190803
P5-ACR	38.398303	-122.583378
PVH002	34.256	-118.264
P3	33.792	-117.721
SF2	36.01118598	-121.237721
P37	34.0498965	-118.6354034
SF3	36.01118598	-121.237721
PVH001	34.174	-117.988
S1507122	34.502817	-118.11699
SF4	36.01118598	-121.237721
PVH011	34.207	-118.133
SCM1	37.196897	-121.419311
P36	34.0498965	-118.6354034
PVH010	34.015	-118.499
S21-3896	34.059	-118.55
P32	34.0503925	-118.9250066
SBF2	34.181347	-117.997928
SF5	36.003595	-121.230793
P4	34.3322315	-118.5397772
SM5	36.01118598	-121.237721
SM6	35.628441	-120.638554
SM2	36.01118598	-121.237721
SF6	36.003595	-121.230793
Stanislaus-M1	37.430833	-121.343889
Stanislaus-M2	37.217778	-121.343889
SM1	36.01118598	-121.237721
SM3	36.01118598	-121.237721
SM4	36.01118598	-121.237721
WIR2021-003059	36.860816	-121.6051966
Unknown-20-002	34.749463	-120.52079
Z16-1297	37.618826	-121.694148
Z16-1238	33.078655	-116.601964
Z16-1140	36.378388	-118.853876
Z16-1239	32.854355	-116.555256
Z16-1127	38.029655	-119.974053
X81-2	33.582	-117.568
Z16-1203	36.527593	-121.734657
Z16-1296	38.759513	-122.276305
Z16-1237	33.276975	-116.649439
Z16-1315	38.345433	-122.973826
Z16-1330	34.145843	-116.982532
Z16-1332	34.577177	-120.414297
Z16-1331	35.37979	-120.410256
Z16-1333	36.203203	-121.128171
Z16-1334	35.021132	-120.318546
Z16-1298	35.984575	-121.447398
Z16-1299	36.523408	-121.727336
X81-1	33.582	-117.568
Z16-1175	41.368862	-122.815618
Z16-1259	37.3944	-121.811524
Z16-1201	39.726222	-123.523182
Z16-1327	41.774326	-122.577013
Z17-0019	41.049172	-123.677049
Z16-806	38.966871	-123.343653
Z16-673	33.746747	-116.715256
Z16-894	36.785199	-121.612315
Z16-628	34.491796	-120.225988
Z16-1335	35.696344	-120.804278
Z16-1348	38.291859	-122.458036
Z16-625	36.845511	-121.537997
Z16-1345	39.447138	-121.061086
Z17-0006	36.692333	-119.05186
Z16-627	34.491795	-120.225989
Z16-629	35.863299	-120.800732
Z16-674	34.045545	-116.900289
Z16-736	36.985898	-119.232078
Z16-626	35.389952	-120.609296
Z16-675	33.553704	-117.471091
Z16-740	40.842351	-124.063671
Z17-0134	39.045537	-123.407646
Z17-0049	34.614431	-120.079868
Z17-0144	36.179904	-121.156832
Z17-0027	39.71124	-120.556493
Z17-0131	37.148678	-118.590513
Z17-0157	41.474764	-120.17669
Z17-0050	34.276196	-118.621947
Z17-0145	38.101256	-119.023497
Z17-0132	36.281883	-118.006472
Z17-0048	34.707791	-120.174992
Z17-0162	32.88227	-116.635455
Z17-0656	38.163702	-122.89214
Z17-0323	37.338026	-122.393775
Z17-0917	41.806818	-123.3664
Z17-0280	40.827702	-124.075211
Z17-0610	33.093207	-117.033549
Z17-0942	37.619265	-120.24422
Z17-0837	34.574549	-120.42819
Z17-0648	39.728483	-121.83744
Z17-0996	40.297968	-123.81464
Z17-0918	40.688347	-122.624859
Z17-0247	38.969916	-123.686929
Z17-0364	40.703909	-122.83308
Z17-0281	40.580391	-122.926911
Z17-0612	33.031576	-116.566308
Z17-0465	37.503236	-119.800613
Z17-0956	34.261119	-116.84503
Z17-0199	34.788023	-120.323947
Z17-0158	40.865105	-120.460399
Z17-0322	37.321514	-122.270074
Z17-0997	38.532549	-119.48978
Z18-0005	38.455274	-122.90215
Z18-0009	37.16246	-121.58798
Z18-0137	41.948679	-121.71119
Z18-0078	33.787914	-117.8531
Z18-0077	33.729678	-117.64449
Z18-0076	33.188697	-117.00356
Z18-0155	38.897959	-123.21445
Z18-0008	38.721018	-123.37325
Z18-0134	40.525455	-120.58058
Z18-0197	41.224036	-123.525091
Z18-0221	35.132188	-118.44897
Z18-0223	37.126968	-119.69552
Z18-0231	33.787914	-117.8531
Z18-0235	34.39311	-118.59075
Z18-0249	41.0127	-121.65963
Z18-0248	40.841545	-121.9236
Z18-0251	35.643904	-121.19182
Z18-0463	39.165887	-122.9605
Z18-0659	38.9417001	-121.544222
Z18-0252	34.99755	-120.56892
Z19-0120	35.387804	-120.598978
Z18-0771	35.63551	-120.85847
Z19-0589-D	38.909783	-123.68619
Z18-0405	40.772374	-124.17875
Z18-0426	37.385221	-122.11413
Z18-0427	39.32794	-120.18327
Z18-0885	38.908238	-122.608837
Z19-0593	39.031166	-122.67157
Z18-0315	41.102458	-124.158335
Z18-0689	35.694986	-120.983171
Z18-0253	35.23024	-120.74396
Z18-0945	34.464653	-119.248588
Z19-0285	34.47765	-120.16979
Z19-0439	40.5615654	-124.1215029
Z18-0402	40.5861445	-123.0708895
Z18-0961	34.361153	-118.209618
Z19-0531	36.31835	-121.84992
Z18-0886	38.457131	-123.121319
Z18-0944	33.30229	-116.980387
Z19-0532	35.235292	-120.742541
Z19-0392	33.114766	-117.076086
Z20-0613	40.870243	-124.006854
Z19-0895	38.90077	-122.557752
Z19-0718	40.938199	-124.080875
Z19-0922	40.901993	-124.046176
Z19-0962	37.752216	-120.820043
Z19-0921	39.056748	-123.371994
Z19-0933	38.54953	-122.757565
Z20-0176	38.589366	-123.310333
Z20-0301	41.842046	-124.169789
Z20-0313	40.740012	-123.248994
Z20-1120	40.4519662	-123.9870072
Z20-0108	39.227982	-123.766886
Z20-0303	39.254473	-123.231158
Z20-0575	34.181347	-117.997928
Z20-0039	33.681539	-117.643379
Z20-1024	39.464684	-122.946032
Z19-0636	34.1023	-116.49853
Z19-0638	34.073892	-117.003438
Z20-0177	38.614123	-122.426883
Z20-0928	33.8392614	-116.8124308
Z19-0932	38.492323	-122.333704
Z19-0637	34.204357	-117.36838
Z20-0057	33.6867	-117.6151
Z20-0175	38.5082417	-123.0907918
Z20-0037	32.857964	-116.773362
Z19-0934	38.62247	-123.29984
Z19-0834	34.581878	-120.057486
Z19-0833	35.060593	-119.984543
Z19-0938	38.487397	-122.907621
Z20-0064	34.175644	-117.557496
Z20-1119	40.7677262	-123.875698
Z19-0939	38.556508	-122.618773
Z19-0594	38.840619	-122.733214
Z20-0219	34.875129	-118.904055
Z20-0311	34.419928	-118.969524
Z19-0910	32.883757	-116.931242
